%YAML:1.0
image_width: 1920
image_height: 1080
# distortion_parameters:
k1: -0.09354321422720095
k2:  0.1309808760176477
p1:  -0.006557476744414552
p2: -0.0008927427039243303
k3:  0
# projection_parameters:
fx: 1041.051952924124
fy:  1040.051028871066
cx: 934.083016593824
cy: 551.3284816061116